1.582404527265613911e-02
-1.085423037048816215e-02
1.847818106113015280e-02
-6.339710303545170733e-02
-6.518649884655005125e-03
4.796570783996684413e-03
9.976959640491455533e-03
-2.663473080255584699e-02
6.484893582951166413e-02
5.370646837418184896e-03
1.411939901899643759e-02
1.134573654913214637e-03
-3.888115666594828962e-03
4.545337471020961806e-03
5.377498123580883894e-03
-1.112001977848460499e-02
3.143118113913379030e-02
4.806430877256057804e-02
1.527019576978355664e-02
1.870376281484053063e-03
4.126686337160364801e-03
-1.394736522059558930e-03
2.735302114924370934e-02
3.190728609675960205e-03
-3.155554772754359805e-02
1.752797491085876513e-02
6.707310025868942760e-02
2.622571078229913189e-03
1.539780738305175645e-02
-2.435512269156970069e-02
1.130788192939294334e-02
4.387591167191877417e-02
-6.800036476695699161e-02
4.108831168074857793e-02
1.805433265007515622e-02
-6.197834835695885045e-03
3.079849591373663362e-02
1.221817440223390248e-02
3.019974142448575774e-02
-2.367010314904703996e-02
-1.699930450724701156e-02
-3.442287710381264354e-02
7.031099556206338655e-03
2.916703048796613976e-03
-1.452248848644355911e-02
-9.336066040646453720e-03
-5.396700271515487979e-03
-5.363029481280411417e-03
-3.087983309117672132e-02
-1.746571284935419244e-02
1.306523851500521194e-02
-2.751009035267991745e-02
-9.905188859811875357e-02
7.790390733107273313e-02
9.471662318657841917e-03
-5.354377828697427788e-02
2.167320342813083833e-02
3.442416057357121362e-02
1.267400161385194915e-02
1.998924554016849597e-02
-5.923360336417626305e-03
7.796036936820686936e-02
6.029987906988570900e-02
-2.669844796767546768e-02
2.053632772579877530e-02
-1.316334775743997938e-02
-3.167261822259345022e-02
1.075104298762079649e-02
-6.080300993672251714e-02
-3.903828995684345549e-02
-4.629601901469174163e-03
1.762432225073431169e-01
2.442870574824507549e-02
4.252007421426956188e-03
-7.033531761961020479e-02
1.116185083311188875e-01
6.920313503039386173e-03
-1.382721826139665933e-01
1.005862282407321701e-01
4.154357005296974853e-02
1.785024355050705835e-02
-4.460546626251038482e-02
-4.118781184107083923e-03
2.098261569442117225e-01
-2.169660991046085396e-01
-5.106556835490456275e-02
4.747101161927789192e-01
-5.283233757884935322e-01
3.002564768324080674e-02
9.328379562652870938e-01
3.050300828094868605e-02
2.235136972269687050e-03
-4.967659682821264078e-02
-6.740374711777540918e-03
-3.465863643296733521e-02
5.372925572536634692e-02
1.224692362780346010e-02
-2.556797611907682399e-02
-7.568869260267008237e-02
-3.172643656679988849e-02
3.133328127299049581e-02
-1.263090134681240468e-03
-1.643164055279345073e-02
-3.975075124322248465e-02
5.982416399780796958e-03
-7.028378394013572172e-02
2.343027513402378900e-02
4.005717843401045142e-02
-6.192178403227491246e-02
7.860386964958800127e-02
-2.920201082342321550e-02
-1.223144224155194720e-02
9.799647936987510022e-03
-1.580699022104242041e-02
-2.029627405185573455e-02
5.326554380519490234e-02
1.650990111644153741e-02
-9.432915248269196917e-03
-1.974171543934942485e-02
-1.466658546576798776e-02
-1.986125909567075347e-03
-1.130111662999703538e-02
4.795394054043548154e-02
-5.358350682904884643e-02
-1.536218337515203591e-02
-2.490011256697954867e-03
-1.349696981519035157e-03
9.230335073414129912e-03
-8.988696634603735025e-03
1.996730129618816494e-03
8.312287230242479397e-03
1.192235094581061122e-03
-9.384830761384882480e-03
3.615026688304051692e-03
4.428222550153593576e-03
-1.375140210801528706e-02
4.084088664995128883e-03
9.590606000611616444e-03
-3.480368581174699688e-03
-9.979257985598047678e-03
-6.640159817624074860e-03
-5.206662021369107794e-03
-8.764048731671953904e-03
-8.573106406736719434e-03
-1.684218070983831833e-02
-1.944842616553607920e-02
1.772345090323210540e-02
-4.361562200178904086e-03
-1.248448066769508938e-02
1.030644709015023607e-03
1.335441454937831389e-02
-9.884136354644775316e-03
-8.708100336584722147e-05
-1.594023497363646980e-03
1.314518762766335273e-02
-4.948841831737783512e-03
-1.054578504141150293e-02
5.221551451005415579e-04
2.291160660582569966e-02
-2.611894338791051137e-02
-2.153764393287448120e-02
9.877926077080764929e-04
2.106876149711515642e-02
